+-----+-----+-----+-----+-----+-----+-----+-----+-----+-----+-----+-----+-----+-----+-----+-----+-----+-----+-----+-----+-----+-----+-----+-----+-----+-----+-----+-----+-----+-----+-----+-----+
|  10 |  20 |  30 |  40 |  10 |  20 |  30 |  40 |  10 |  20 |  30 |  40 |  10 |  20 |  30 |  40 |  10 |  20 |  30 |  40 |  10 |  20 |  30 |  40 |  10 |  20 |  30 |  40 |  10 |  20 |  30 |  40 |
+-----+-----+-----+-----+-----+-----+-----+-----+-----+-----+-----+-----+-----+-----+-----+-----+-----+-----+-----+-----+-----+-----+-----+-----+-----+-----+-----+-----+-----+-----+-----+-----+
|  50 |  60 |  70 |  80 |  50 |  60 |  70 |  80 |  50 |  60 |  70 |  80 |  50 |  60 |  70 |  80 |  50 |  60 |  70 |  80 |  50 |  60 |  70 |  80 |  50 |  60 |  70 |  80 |  50 |  60 |  70 |  80 |
+-----+-----+-----+-----+-----+-----+-----+-----+-----+-----+-----+-----+-----+-----+-----+-----+-----+-----+-----+-----+-----+-----+-----+-----+-----+-----+-----+-----+-----+-----+-----+-----+
|  90 | 100 | 110 | 120 |  90 | 100 | 110 | 120 |  90 | 100 | 110 | 120 |  90 | 100 | 110 | 120 |  90 | 100 | 110 | 120 |  90 | 100 | 110 | 120 |  90 | 100 | 110 | 120 |  90 | 100 | 110 | 120 |
+-----+-----+-----+-----+-----+-----+-----+-----+-----+-----+-----+-----+-----+-----+-----+-----+-----+-----+-----+-----+-----+-----+-----+-----+-----+-----+-----+-----+-----+-----+-----+-----+
| 130 | 140 | 150 | 160 | 130 | 140 | 150 | 160 | 130 | 140 | 150 | 160 | 130 | 140 | 150 | 160 | 130 | 140 | 150 | 160 | 130 | 140 | 150 | 160 | 130 | 140 | 150 | 160 | 130 | 140 | 150 | 160 |
+-----+-----+-----+-----+-----+-----+-----+-----+-----+-----+-----+-----+-----+-----+-----+-----+-----+-----+-----+-----+-----+-----+-----+-----+-----+-----+-----+-----+-----+-----+-----+-----+
|  10 |  20 |  30 |  40 |  10 |  20 |  30 |  40 |  10 |  20 |  30 |  40 |  10 |  20 |  30 |  40 |  10 |  20 |  30 |  40 |  10 |  20 |  30 |  40 |  10 |  20 |  30 |  40 |  10 |  20 |  30 |  40 |
+-----+-----+-----+-----+-----+-----+-----+-----+-----+-----+-----+-----+-----+-----+-----+-----+-----+-----+-----+-----+-----+-----+-----+-----+-----+-----+-----+-----+-----+-----+-----+-----+
|  50 |  60 |  70 |  80 |  50 |  60 |  70 |  80 |  50 |  60 |  70 |  80 |  50 |  60 |  70 |  80 |  50 |  60 |  70 |  80 |  50 |  60 |  70 |  80 |  50 |  60 |  70 |  80 |  50 |  60 |  70 |  80 |
+-----+-----+-----+-----+-----+-----+-----+-----+-----+-----+-----+-----+-----+-----+-----+-----+-----+-----+-----+-----+-----+-----+-----+-----+-----+-----+-----+-----+-----+-----+-----+-----+
|  90 | 100 | 110 | 120 |  90 | 100 | 110 | 120 |  90 | 100 | 110 | 120 |  90 | 100 | 110 | 120 |  90 | 100 | 110 | 120 |  90 | 100 | 110 | 120 |  90 | 100 | 110 | 120 |  90 | 100 | 110 | 120 |
+-----+-----+-----+-----+-----+-----+-----+-----+-----+-----+-----+-----+-----+-----+-----+-----+-----+-----+-----+-----+-----+-----+-----+-----+-----+-----+-----+-----+-----+-----+-----+-----+
| 130 | 140 | 150 | 160 | 130 | 140 | 150 | 160 | 130 | 140 | 150 | 160 | 130 | 140 | 150 | 160 | 130 | 140 | 150 | 160 | 130 | 140 | 150 | 160 | 130 | 140 | 150 | 160 | 130 | 140 | 150 | 160 |
+-----+-----+-----+-----+-----+-----+-----+-----+-----+-----+-----+-----+-----+-----+-----+-----+-----+-----+-----+-----+-----+-----+-----+-----+-----+-----+-----+-----+-----+-----+-----+-----+
|  10 |  20 |  30 |  40 |  10 |  20 |  30 |  40 |  10 |  20 |  30 |  40 |  10 |  20 |  30 |  40 |  10 |  20 |  30 |  40 |  10 |  20 |  30 |  40 |  10 |  20 |  30 |  40 |  10 |  20 |  30 |  40 |
+-----+-----+-----+-----+-----+-----+-----+-----+-----+-----+-----+-----+-----+-----+-----+-----+-----+-----+-----+-----+-----+-----+-----+-----+-----+-----+-----+-----+-----+-----+-----+-----+
|  50 |  60 |  70 |  80 |  50 |  60 |  70 |  80 |  50 |  60 |  70 |  80 |  50 |  60 |  70 |  80 |  50 |  60 |  70 |  80 |  50 |  60 |  70 |  80 |  50 |  60 |  70 |  80 |  50 |  60 |  70 |  80 |
+-----+-----+-----+-----+-----+-----+-----+-----+-----+-----+-----+-----+-----+-----+-----+-----+-----+-----+-----+-----+-----+-----+-----+-----+-----+-----+-----+-----+-----+-----+-----+-----+
|  90 | 100 | 110 | 120 |  90 | 100 | 110 | 120 |  90 | 100 | 110 | 120 |  90 | 100 | 110 | 120 |  90 | 100 | 110 | 120 |  90 | 100 | 110 | 120 |  90 | 100 | 110 | 120 |  90 | 100 | 110 | 120 |
+-----+-----+-----+-----+-----+-----+-----+-----+-----+-----+-----+-----+-----+-----+-----+-----+-----+-----+-----+-----+-----+-----+-----+-----+-----+-----+-----+-----+-----+-----+-----+-----+
| 130 | 140 | 150 | 160 | 130 | 140 | 150 | 160 | 130 | 140 | 150 | 160 | 130 | 140 | 150 | 160 | 130 | 140 | 150 | 160 | 130 | 140 | 150 | 160 | 130 | 140 | 150 | 160 | 130 | 140 | 150 | 160 |
+-----+-----+-----+-----+-----+-----+-----+-----+-----+-----+-----+-----+-----+-----+-----+-----+-----+-----+-----+-----+-----+-----+-----+-----+-----+-----+-----+-----+-----+-----+-----+-----+
|  10 |  20 |  30 |  40 |  10 |  20 |  30 |  40 |  10 |  20 |  30 |  40 |  10 |  20 |  30 |  40 |  10 |  20 |  30 |  40 |  10 |  20 |  30 |  40 |  10 |  20 |  30 |  40 |  10 |  20 |  30 |  40 |
+-----+-----+-----+-----+-----+-----+-----+-----+-----+-----+-----+-----+-----+-----+-----+-----+-----+-----+-----+-----+-----+-----+-----+-----+-----+-----+-----+-----+-----+-----+-----+-----+
|  50 |  60 |  70 |  80 |  50 |  60 |  70 |  80 |  50 |  60 |  70 |  80 |  50 |  60 |  70 |  80 |  50 |  60 |  70 |  80 |  50 |  60 |  70 |  80 |  50 |  60 |  70 |  80 |  50 |  60 |  70 |  80 |
+-----+-----+-----+-----+-----+-----+-----+-----+-----+-----+-----+-----+-----+-----+-----+-----+-----+-----+-----+-----+-----+-----+-----+-----+-----+-----+-----+-----+-----+-----+-----+-----+
|  90 | 100 | 110 | 120 |  90 | 100 | 110 | 120 |  90 | 100 | 110 | 120 |  90 | 100 | 110 | 120 |  90 | 100 | 110 | 120 |  90 | 100 | 110 | 120 |  90 | 100 | 110 | 120 |  90 | 100 | 110 | 120 |
+-----+-----+-----+-----+-----+-----+-----+-----+-----+-----+-----+-----+-----+-----+-----+-----+-----+-----+-----+-----+-----+-----+-----+-----+-----+-----+-----+-----+-----+-----+-----+-----+
| 130 | 140 | 150 | 160 | 130 | 140 | 150 | 160 | 130 | 140 | 150 | 160 | 130 | 140 | 150 | 160 | 130 | 140 | 150 | 160 | 130 | 140 | 150 | 160 | 130 | 140 | 150 | 160 | 130 | 140 | 150 | 160 |
+-----+-----+-----+-----+-----+-----+-----+-----+-----+-----+-----+-----+-----+-----+-----+-----+-----+-----+-----+-----+-----+-----+-----+-----+-----+-----+-----+-----+-----+-----+-----+-----+
|  10 |  20 |  30 |  40 |  10 |  20 |  30 |  40 |  10 |  20 |  30 |  40 |  10 |  20 |  30 |  40 |  10 |  20 |  30 |  40 |  10 |  20 |  30 |  40 |  10 |  20 |  30 |  40 |  10 |  20 |  30 |  40 |
+-----+-----+-----+-----+-----+-----+-----+-----+-----+-----+-----+-----+-----+-----+-----+-----+-----+-----+-----+-----+-----+-----+-----+-----+-----+-----+-----+-----+-----+-----+-----+-----+
|  50 |  60 |  70 |  80 |  50 |  60 |  70 |  80 |  50 |  60 |  70 |  80 |  50 |  60 |  70 |  80 |  50 |  60 |  70 |  80 |  50 |  60 |  70 |  80 |  50 |  60 |  70 |  80 |  50 |  60 |  70 |  80 |
+-----+-----+-----+-----+-----+-----+-----+-----+-----+-----+-----+-----+-----+-----+-----+-----+-----+-----+-----+-----+-----+-----+-----+-----+-----+-----+-----+-----+-----+-----+-----+-----+
|  90 | 100 | 110 | 120 |  90 | 100 | 110 | 120 |  90 | 100 | 110 | 120 |  90 | 100 | 110 | 120 |  90 | 100 | 110 | 120 |  90 | 100 | 110 | 120 |  90 | 100 | 110 | 120 |  90 | 100 | 110 | 120 |
+-----+-----+-----+-----+-----+-----+-----+-----+-----+-----+-----+-----+-----+-----+-----+-----+-----+-----+-----+-----+-----+-----+-----+-----+-----+-----+-----+-----+-----+-----+-----+-----+
| 130 | 140 | 150 | 160 | 130 | 140 | 150 | 160 | 130 | 140 | 150 | 160 | 130 | 140 | 150 | 160 | 130 | 140 | 150 | 160 | 130 | 140 | 150 | 160 | 130 | 140 | 150 | 160 | 130 | 140 | 150 | 160 |
+-----+-----+-----+-----+-----+-----+-----+-----+-----+-----+-----+-----+-----+-----+-----+-----+-----+-----+-----+-----+-----+-----+-----+-----+-----+-----+-----+-----+-----+-----+-----+-----+
|  10 |  20 |  30 |  40 |  10 |  20 |  30 |  40 |  10 |  20 |  30 |  40 |  10 |  20 |  30 |  40 |  10 |  20 |  30 |  40 |  10 |  20 |  30 |  40 |  10 |  20 |  30 |  40 |  10 |  20 |  30 |  40 |
+-----+-----+-----+-----+-----+-----+-----+-----+-----+-----+-----+-----+-----+-----+-----+-----+-----+-----+-----+-----+-----+-----+-----+-----+-----+-----+-----+-----+-----+-----+-----+-----+
|  50 |  60 |  70 |  80 |  50 |  60 |  70 |  80 |  50 |  60 |  70 |  80 |  50 |  60 |  70 |  80 |  50 |  60 |  70 |  80 |  50 |  60 |  70 |  80 |  50 |  60 |  70 |  80 |  50 |  60 |  70 |  80 |
+-----+-----+-----+-----+-----+-----+-----+-----+-----+-----+-----+-----+-----+-----+-----+-----+-----+-----+-----+-----+-----+-----+-----+-----+-----+-----+-----+-----+-----+-----+-----+-----+
|  90 | 100 | 110 | 120 |  90 | 100 | 110 | 120 |  90 | 100 | 110 | 120 |  90 | 100 | 110 | 120 |  90 | 100 | 110 | 120 |  90 | 100 | 110 | 120 |  90 | 100 | 110 | 120 |  90 | 100 | 110 | 120 |
+-----+-----+-----+-----+-----+-----+-----+-----+-----+-----+-----+-----+-----+-----+-----+-----+-----+-----+-----+-----+-----+-----+-----+-----+-----+-----+-----+-----+-----+-----+-----+-----+
| 130 | 140 | 150 | 160 | 130 | 140 | 150 | 160 | 130 | 140 | 150 | 160 | 130 | 140 | 150 | 160 | 130 | 140 | 150 | 160 | 130 | 140 | 150 | 160 | 130 | 140 | 150 | 160 | 130 | 140 | 150 | 160 |
+-----+-----+-----+-----+-----+-----+-----+-----+-----+-----+-----+-----+-----+-----+-----+-----+-----+-----+-----+-----+-----+-----+-----+-----+-----+-----+-----+-----+-----+-----+-----+-----+
|  10 |  20 |  30 |  40 |  10 |  20 |  30 |  40 |  10 |  20 |  30 |  40 |  10 |  20 |  30 |  40 |  10 |  20 |  30 |  40 |  10 |  20 |  30 |  40 |  10 |  20 |  30 |  40 |  10 |  20 |  30 |  40 |
+-----+-----+-----+-----+-----+-----+-----+-----+-----+-----+-----+-----+-----+-----+-----+-----+-----+-----+-----+-----+-----+-----+-----+-----+-----+-----+-----+-----+-----+-----+-----+-----+
|  50 |  60 |  70 |  80 |  50 |  60 |  70 |  80 |  50 |  60 |  70 |  80 |  50 |  60 |  70 |  80 |  50 |  60 |  70 |  80 |  50 |  60 |  70 |  80 |  50 |  60 |  70 |  80 |  50 |  60 |  70 |  80 |
+-----+-----+-----+-----+-----+-----+-----+-----+-----+-----+-----+-----+-----+-----+-----+-----+-----+-----+-----+-----+-----+-----+-----+-----+-----+-----+-----+-----+-----+-----+-----+-----+
|  90 | 100 | 110 | 120 |  90 | 100 | 110 | 120 |  90 | 100 | 110 | 120 |  90 | 100 | 110 | 120 |  90 | 100 | 110 | 120 |  90 | 100 | 110 | 120 |  90 | 100 | 110 | 120 |  90 | 100 | 110 | 120 |
+-----+-----+-----+-----+-----+-----+-----+-----+-----+-----+-----+-----+-----+-----+-----+-----+-----+-----+-----+-----+-----+-----+-----+-----+-----+-----+-----+-----+-----+-----+-----+-----+
| 130 | 140 | 150 | 160 | 130 | 140 | 150 | 160 | 130 | 140 | 150 | 160 | 130 | 140 | 150 | 160 | 130 | 140 | 150 | 160 | 130 | 140 | 150 | 160 | 130 | 140 | 150 | 160 | 130 | 140 | 150 | 160 |
+-----+-----+-----+-----+-----+-----+-----+-----+-----+-----+-----+-----+-----+-----+-----+-----+-----+-----+-----+-----+-----+-----+-----+-----+-----+-----+-----+-----+-----+-----+-----+-----+
|  10 |  20 |  30 |  40 |  10 |  20 |  30 |  40 |  10 |  20 |  30 |  40 |  10 |  20 |  30 |  40 |  10 |  20 |  30 |  40 |  10 |  20 |  30 |  40 |  10 |  20 |  30 |  40 |  10 |  20 |  30 |  40 |
+-----+-----+-----+-----+-----+-----+-----+-----+-----+-----+-----+-----+-----+-----+-----+-----+-----+-----+-----+-----+-----+-----+-----+-----+-----+-----+-----+-----+-----+-----+-----+-----+
|  50 |  60 |  70 |  80 |  50 |  60 |  70 |  80 |  50 |  60 |  70 |  80 |  50 |  60 |  70 |  80 |  50 |  60 |  70 |  80 |  50 |  60 |  70 |  80 |  50 |  60 |  70 |  80 |  50 |  60 |  70 |  80 |
+-----+-----+-----+-----+-----+-----+-----+-----+-----+-----+-----+-----+-----+-----+-----+-----+-----+-----+-----+-----+-----+-----+-----+-----+-----+-----+-----+-----+-----+-----+-----+-----+
|  90 | 100 | 110 | 120 |  90 | 100 | 110 | 120 |  90 | 100 | 110 | 120 |  90 | 100 | 110 | 120 |  90 | 100 | 110 | 120 |  90 | 100 | 110 | 120 |  90 | 100 | 110 | 120 |  90 | 100 | 110 | 120 |
+-----+-----+-----+-----+-----+-----+-----+-----+-----+-----+-----+-----+-----+-----+-----+-----+-----+-----+-----+-----+-----+-----+-----+-----+-----+-----+-----+-----+-----+-----+-----+-----+
| 130 | 140 | 150 | 160 | 130 | 140 | 150 | 160 | 130 | 140 | 150 | 160 | 130 | 140 | 150 | 160 | 130 | 140 | 150 | 160 | 130 | 140 | 150 | 160 | 130 | 140 | 150 | 160 | 130 | 140 | 150 | 160 |
+-----+-----+-----+-----+-----+-----+-----+-----+-----+-----+-----+-----+-----+-----+-----+-----+-----+-----+-----+-----+-----+-----+-----+-----+-----+-----+-----+-----+-----+-----+-----+-----+